$ANSIBLE_VAULT;1.1;AES256
32623461623565393531653965666230303466326337383766633761626330663664343931323938
3863383266326634376462313930363331336463353262350a313135313334383133333335323666
36656434613630353737306130356337313234376465356664343836393465393037613166336361
3737393732383433300a343131393962376137666630653634646231646263336464356664313738
34643531636162663139313962663131323430353830653036366563363632393362626235613862
35393263643663626333386366363937383534393535356233303266346136373631656230666631
34623538353064326665616633306166363833336565653732636235393436306636316334616538
38366333623538346363373038653537343332313633363964393632336564623664613938386464
35633839666533633234663238376536313736653965383562663030353739643431363964376431
63393036396364613765656264363233626638323362613262316362353461323665313932626633
36336663343336623864636531303133363062626637353435643861653065373466666366613639
33346431303830666665353432303265346437373762613166306638343534336232323537626364
62393538656366356636333237666636333766366334373337323631643532303662
